1 16 19
2 1 4
3 4 15
4 6 17
5 8 18
6 18 1
7 2 14
8 20 18
9 19 3
10 6 14
11 2 14
12 15 10
13 17 18
14 14 17
15 10 12
16 1 1
17 5 10
18 18 10
19 4 5
20 19 5
21 17 14
22 7 14
23 5 20
24 16 5
25 12 17
26 20 17
27 20 14
28 19 1
29 18 2
30 15 1
31 11 15
32 15 11
33 7 9
34 17 14
35 20 9
36 2 17
37 7 11
38 18 18
39 2 15
40 16 13
41 9 5
42 8 6
43 17 16
44 20 11
45 4 1
46 11 14
47 12 6
48 17 17
49 13 3
50 15 14
51 10 5
52 13 14
53 7 12
54 9 10
55 17 16
56 7 12
57 20 5
58 3 11
59 12 6
60 2 3
61 6 6
62 20 6
63 20 15
64 19 16
65 2 11
66 16 20
67 10 8
68 14 1
69 7 19
70 5 17
71 17 6
72 8 13
73 1 5
74 19 14
75 11 20
76 17 1
77 15 17
78 1 7
79 15 16
80 13 20
81 9 13
82 3 7
83 14 1
84 15 7
85 4 10
86 2 13
87 8 5
88 15 12
89 4 13
90 10 15
91 14 3
92 7 11
93 10 4
94 18 2
95 8 1
96 1 4
97 9 12
98 3 17
99 10 11
100 7 16
101 2 14
102 8 14
103 7 8
104 3 20
105 7 5
106 7 2
107 15 7
108 4 2
109 9 14
110 11 9
111 16 1
112 20 13
113 18 1
114 8 5
115 12 5
116 11 11
117 19 13
118 7 17
119 11 14
120 13 3
121 5 20
122 16 13
123 6 11
124 7 13
125 6 15
126 14 12
127 20 7
128 17 6
129 8 10
130 9 7
131 11 13
132 6 2
133 8 9
134 18 3
135 7 20
136 2 5
137 17 2
138 15 15
139 17 16
140 18 18
141 16 9
142 17 20
143 2 3
144 12 14
145 9 16
146 14 18
147 2 16
148 7 2
149 7 15
150 20 16
151 13 2
152 15 17
153 19 16
154 4 19
155 4 6
156 20 13
157 15 13
158 20 8
159 19 8
160 8 5
161 12 20
162 9 14
163 19 20
164 11 9
165 19 3
166 2 9
167 9 1
168 1 19
169 10 13
170 20 17
171 6 6
172 1 17
173 6 9
174 19 15
175 20 11
176 4 10
177 2 17
178 13 11
179 10 2
180 12 7
181 1 14
182 19 3
183 19 15
184 7 4
185 4 13
186 7 20
187 13 13
188 14 1
189 5 12
190 20 12
191 17 8
192 12 10
193 2 20
194 4 15
195 13 9
196 6 13
197 17 18
198 14 5
199 14 20
200 2 19
201 19 15
202 16 15
203 8 11
204 13 16
205 4 15
206 4 20
207 6 12
208 12 10
209 4 10
210 18 5
211 15 4
212 18 13
213 7 20
214 1 3
215 1 3
216 10 10
217 4 12
218 2 7
219 8 20
220 3 11
221 13 20
222 8 17
223 16 1
224 8 7
225 12 12
226 9 15
227 16 17
228 10 2
229 18 11
230 14 13
231 10 10
232 6 14
233 7 7
234 17 16
235 15 9
236 20 17
237 9 9
238 17 3
239 14 7
240 10 9
241 4 10
242 3 18
243 5 10
244 11 11
245 3 6
246 17 8
247 13 17
248 5 13
249 11 14
250 3 16
251 13 13
252 2 8
253 16 20
254 20 7
255 19 8
256 13 5
257 17 9
258 7 14
259 4 4
260 4 14
261 2 10
262 16 20
263 4 6
264 12 16
265 1 10
266 14 16
267 15 15
268 5 5
269 2 2
270 8 2
271 16 3
272 7 4
273 14 8
274 5 11
275 1 16
276 15 16
277 15 18
278 18 15
279 6 6
280 1 14
281 12 1
282 9 18
283 12 3
284 20 8
285 2 7
286 1 7
287 18 10
288 17 17
289 9 3
290 17 9
291 16 14
292 20 9
293 18 9
294 4 7
295 16 20
296 2 2
297 10 14
298 20 9
299 8 13
300 5 8
301 1 6
302 14 12
303 17 11
304 20 11
305 13 3
306 17 6
307 17 10
308 7 5
309 10 12
310 5 8
311 4 8
312 8 19
313 16 6
314 3 4
315 20 7
316 16 8
317 4 14
318 6 14
319 8 4
320 15 17
321 3 18
322 9 8
323 4 7
324 10 5
325 13 4
326 20 19
327 18 9
328 12 19
329 12 3
330 1 12
331 3 1
332 6 6
333 4 19
334 15 17
335 5 11
336 3 2
337 17 7
338 4 8
339 11 9
340 10 14
341 8 13
342 7 15
343 18 4
344 8 12
345 12 9
346 7 9
347 3 17
348 16 20
349 17 4
350 2 11
351 15 11
352 8 17
353 19 4
354 18 19
355 15 2
356 12 4
357 19 1
358 5 15
359 12 20
360 6 8
361 17 3
362 20 14
363 15 6
364 5 6
365 11 16
366 11 14
367 13 18
368 7 16
369 1 20
370 3 12
371 2 7
372 12 5
373 4 7
374 1 20
375 3 3
376 20 5
377 4 3
378 17 5
379 13 9
380 3 17
381 19 12
382 16 2
383 17 14
384 11 1
385 15 4
386 11 2
387 14 2
388 8 17
389 8 9
390 19 1
391 3 13
392 19 4
393 18 6
394 20 5
395 9 16
396 7 14
397 3 4
398 14 6
399 12 12
400 6 13
401 12 15
402 18 17
403 3 4
404 1 18
405 10 8
406 20 19
407 15 7
408 18 8
409 9 19
410 9 12
411 18 18
412 11 17
413 11 18
414 2 16
415 13 1
416 2 5
417 12 16
418 11 2
419 1 10
420 6 9
421 6 15
422 7 2
423 1 7
424 6 15
425 19 10
426 10 2
427 20 3
428 14 18
429 5 7
430 12 16
431 2 15
432 2 4
433 11 13
434 11 19
435 11 1
436 1 16
437 12 7
438 18 17
439 14 7
440 4 17
441 6 16
442 2 13
443 3 14
444 14 8
445 15 4
446 4 12
447 7 20
448 12 5
449 15 17
450 8 12
451 3 5
452 19 9
453 14 20
454 11 10
455 7 19
456 18 18
457 9 11
458 8 15
459 5 17
460 8 18
461 11 17
462 8 13
463 2 5
464 1 5
465 16 8
466 9 11
467 2 8
468 13 8
469 2 18
470 13 15
471 9 6
472 15 14
473 12 11
474 17 19
475 17 12
476 14 14
477 1 5
478 6 16
479 17 3
480 6 2
481 17 2
482 6 6
483 6 11
484 15 5
485 16 6
486 3 19
487 19 4
488 5 9
489 5 14
490 4 11
491 2 13
492 14 1
493 19 16
494 8 16
495 18 19
496 3 7
497 20 20
498 16 18
499 17 15
500 7 20
501 15 17
502 6 5
503 8 12
504 12 1
505 3 12
506 2 8
507 7 17
508 18 19
509 13 4
510 2 15
511 12 7
512 20 12
513 20 20
514 12 19
515 6 9
516 18 6
517 18 4
518 9 8
519 12 13
520 4 10
521 5 2
522 1 13
523 3 16
524 13 10
525 2 16
526 11 11
527 3 7
528 17 5
529 16 19
530 7 17
531 15 9
532 1 9
533 10 9
534 2 15
535 19 17
536 10 10
537 15 7
538 12 2
539 7 2
540 1 4
541 17 4
542 14 16
543 8 17
544 6 7
545 10 17
546 2 4
547 5 2
548 17 2
549 10 20
550 17 14
551 8 18
552 19 4
553 15 7
554 6 16
555 8 4
556 1 17
557 16 2
558 9 9
559 18 20
560 5 16
561 20 7
562 4 5
563 2 17
564 1 15
565 17 16
566 15 17
567 19 17
568 3 16
569 8 5
570 12 7
571 4 16
572 17 9
573 11 9
574 16 3
575 5 7
576 7 12
577 6 19
578 3 1
579 9 5
580 15 20
581 3 19
582 16 20
583 11 19
584 14 19
585 4 1
586 8 19
587 19 6
588 14 9
589 20 1
590 9 16
591 19 18
592 4 5
593 16 20
594 12 20
595 7 4
596 17 9
597 7 9
598 4 11
599 16 9
600 14 3
601 10 3
602 20 11
603 12 9
604 2 9
605 13 4
606 19 4
607 10 3
608 11 15
609 19 19
610 13 7
611 6 14
612 18 10
613 12 8
614 6 5
615 17 19
616 10 4
617 20 2
618 20 19
619 4 3
620 20 1
621 12 3
622 20 2
623 7 15
624 2 10
625 1 5
626 17 4
627 17 5
628 12 2
629 14 10
630 6 17
631 4 4
632 6 18
633 10 7
634 8 1
635 4 3
636 6 6
637 11 12
638 12 10
639 5 18
640 2 19
641 12 13
642 4 3
643 14 2
644 12 5
645 15 15
646 20 20
647 10 5
648 19 16
649 16 1
650 9 17
651 7 9
652 6 8
653 13 7
654 10 18
655 3 20
656 7 9
657 2 15
658 1 13
659 2 15
660 17 7
661 19 3
662 14 12
663 18 2
664 10 16
665 14 9
666 1 1
667 17 5
668 6 18
669 18 11
670 6 4
671 4 14
672 4 14
673 14 5
674 18 17
675 6 3
676 13 15
677 9 8
678 3 4
679 4 3
680 10 18
681 6 14
682 20 8
683 19 8
684 19 17
685 20 18
686 17 13
687 20 6
688 1 10
689 9 20
690 11 20
691 5 11
692 7 2
693 8 8
694 12 13
695 12 8
696 20 12
697 10 20
698 11 20
699 6 2
700 4 5
701 7 8
702 18 16
703 2 10
704 16 12
705 17 17
706 18 3
707 6 12
708 8 13
709 10 6
710 9 20
711 15 12
712 19 7
713 5 15
714 6 5
715 8 16
716 3 12
717 10 7
718 2 7
719 2 5
720 16 5
721 10 15
722 5 20
723 4 17
724 10 17
725 19 18
726 10 15
727 11 1
728 1 7
729 11 9
730 4 20
731 5 8
732 14 13
733 12 5
734 6 5
735 3 20
736 8 20
737 8 12
738 10 10
739 14 16
740 14 13
741 12 7
742 10 19
743 12 16
744 7 6
745 15 6
746 5 7
747 6 15
748 5 4
749 8 8
750 16 8
751 2 13
752 15 10
753 13 3
754 5 20
755 14 4
756 8 20
757 15 11
758 20 10
759 15 3
760 13 20
761 5 14
762 15 7
763 18 14
764 17 8
765 9 16
766 14 4
767 10 7
768 7 12
769 13 19
770 4 15
771 19 2
772 15 19
773 6 4
774 15 12
775 1 15
776 10 18
777 19 11
778 8 5
779 4 11
780 7 6
781 1 10
782 5 13
783 17 7
784 10 14
785 1 6
786 10 8
787 16 5
788 5 10
789 2 16
790 19 8
791 7 12
792 19 16
793 5 14
794 11 17
795 20 11
796 2 12
797 12 5
798 9 2
799 18 14
800 9 13
801 2 13
802 20 15
803 1 9
804 16 16
805 9 3
806 10 1
807 5 3
808 17 20
809 3 11
810 5 17
811 8 20
812 5 18
813 2 2
814 16 4
815 2 6
816 14 11
817 10 1
818 17 7
819 14 8
820 6 1
821 5 17
822 5 10
823 11 8
824 9 20
825 2 17
826 10 2
827 14 7
828 11 14
829 5 15
830 4 1
831 1 9
832 9 5
833 12 14
834 6 5
835 8 13
836 6 15
837 18 11
838 17 3
839 13 10
840 7 7
841 15 20
842 5 14
843 20 1
844 16 7
845 19 17
846 15 3
847 2 2
848 8 11
849 12 16
850 14 6
851 20 18
852 17 5
853 11 2
854 3 6
855 7 4
856 9 15
857 20 6
858 20 19
859 12 16
860 10 1
861 19 3
862 13 20
863 10 8
864 6 14
865 2 17
866 11 19
867 16 18
868 3 3
869 19 15
870 2 14
871 19 19
872 8 16
873 6 5
874 3 3
875 7 11
876 19 9
877 4 5
878 20 14
879 16 7
880 5 6
881 18 19
882 6 13
883 10 11
884 10 14
885 10 5
886 14 8
887 12 20
888 13 1
889 19 13
890 17 3
891 17 12
892 9 19
893 18 20
894 10 17
895 12 7
896 10 10
897 9 5
898 14 11
899 19 11
900 7 18
901 11 14
902 1 15
903 15 20
904 15 16
905 18 12
906 20 7
907 5 6
908 16 1
909 9 15
910 15 11
911 6 10
912 16 17
913 9 11
914 5 16
915 17 9
916 12 3
917 8 1
918 12 19
919 2 18
920 7 6
921 8 18
922 10 16
923 1 17
924 7 16
925 2 19
926 13 5
927 11 11
928 13 19
929 15 18
930 15 16
931 11 1
932 12 13
933 12 12
934 4 17
935 19 14
936 12 20
937 6 8
938 7 17
939 1 15
940 19 17
941 19 2
942 3 13
943 1 7
944 12 9
945 2 1
946 14 9
947 19 8
948 14 2
949 16 15
950 18 1
951 2 2
952 3 5
953 8 17
954 1 19
955 4 16
956 3 5
957 15 1
958 9 11
959 5 3
960 16 4
961 4 9
962 16 14
963 3 9
964 5 11
965 9 8
966 16 17
967 9 14
968 15 3
969 9 10
970 4 2
971 5 16
972 3 14
973 1 15
974 15 19
975 13 6
976 6 12
977 15 3
978 14 20
979 4 9
980 6 11
981 1 9
982 20 2
983 9 19
984 15 13
985 16 15
986 4 8
987 14 18
988 16 11
989 20 16
990 3 18
991 9 19
992 15 1
993 5 7
994 14 20
995 15 12
996 14 3
997 3 9
998 15 17
999 9 10
1000 9 8
1001 3 11
1002 15 4
1003 8 10
1004 14 4
1005 14 5
1006 9 15
1007 4 16
1008 18 3
1009 3 11
1010 1 9
1011 2 14
1012 2 19
1013 16 12
1014 17 2
1015 7 6
1016 4 12
1017 19 1
1018 16 11
1019 2 19
1020 16 16
1021 9 2
1022 14 1
1023 15 13
1024 1 11
1025 19 9
1026 16 9
1027 13 5
1028 19 19
1029 12 8
1030 5 18
1031 11 12
1032 16 7
1033 15 1
1034 4 8
1035 13 18
1036 9 17
1037 13 20
1038 10 11
1039 14 15
1040 2 20
1041 13 6
1042 5 11
1043 7 18
1044 9 5
1045 16 19
1046 14 13
1047 7 6
1048 14 11
1049 6 16
1050 19 5
1051 11 2
1052 5 14
1053 17 13
1054 16 4
1055 8 9
1056 8 20
1057 7 10
1058 9 13
1059 11 16
1060 7 10
1061 16 19
1062 7 9
1063 7 12
1064 18 13
1065 4 4
1066 4 3
1067 11 2
1068 4 2
1069 17 19
1070 4 5
1071 11 13
1072 2 5
1073 11 18
1074 11 1
1075 4 15
1076 13 14
1077 5 10
1078 13 12
1079 8 15
1080 13 3
1081 9 6
1082 11 14
1083 12 5
1084 17 7
1085 2 12
1086 16 4
1087 10 11
1088 4 16
1089 16 14
1090 1 20
1091 19 10
1092 16 7
1093 10 19
1094 4 15
1095 9 9
1096 5 5
1097 9 17
1098 10 6
1099 16 3
1100 5 5
1101 14 2
1102 16 15
1103 16 2
1104 11 16
1105 11 1
1106 12 10
1107 17 5
1108 13 3
1109 3 1
1110 19 6
1111 12 11
1112 10 14
1113 3 5
1114 9 1
1115 13 14
1116 2 5
1117 8 14
1118 1 6
1119 5 6
1120 17 9
1121 11 11
1122 1 18
1123 13 8
1124 1 15
1125 12 6
1126 11 10
1127 7 10
1128 20 3
1129 8 6
1130 1 19
1131 20 7
1132 13 3
1133 3 11
1134 17 3
1135 7 15
1136 9 15
1137 17 5
1138 1 17
1139 18 11
1140 17 4
1141 5 6
1142 10 9
1143 7 16
1144 18 1
1145 10 18
1146 20 17
1147 13 5
1148 10 1
1149 15 8
1150 1 3
1151 18 8
1152 8 18
1153 10 2
1154 5 8
1155 4 8
1156 7 5
1157 9 15
1158 8 6
1159 10 8
1160 15 3
1161 10 1
1162 2 15
1163 1 3
1164 3 5
1165 8 5
1166 12 8
1167 20 9
1168 1 6
1169 12 14
1170 16 13
1171 14 19
1172 3 3
1173 8 14
1174 11 1
1175 5 10
1176 5 20
1177 20 9
1178 12 9
1179 9 3
1180 3 3
1181 10 13
1182 3 2
1183 19 7
1184 17 18
1185 16 2
1186 10 14
1187 7 2
1188 5 17
1189 13 6
1190 9 19
1191 20 19
1192 19 3
1193 11 2
1194 15 19
1195 9 3
1196 4 12
1197 16 12
1198 6 8
1199 18 8
1200 15 1
1201 6 4
1202 19 19
1203 14 4
1204 5 2
1205 9 2
1206 11 20
1207 13 6
1208 17 14
1209 4 14
1210 20 10
1211 3 1
1212 11 13
1213 15 6
1214 5 14
1215 12 18
1216 6 6
1217 8 7
1218 8 19
1219 15 3
1220 7 2
1221 13 20
1222 13 7
1223 20 4
1224 6 8
1225 17 13
1226 18 19
1227 19 7
1228 9 14
1229 4 1
1230 13 4
1231 15 2
1232 20 4
1233 5 2
1234 19 8
1235 20 12
1236 16 17
1237 2 8
1238 19 4
1239 20 18
1240 20 1
1241 6 12
1242 2 12
1243 3 19
1244 2 4
1245 18 1
1246 17 11
1247 10 17
1248 20 4
1249 4 1
1250 3 3
1251 3 13
1252 3 11
1253 5 18
1254 11 17
1255 4 13
1256 15 20
1257 9 12
1258 2 12
1259 1 12
1260 5 18
1261 6 17
1262 1 16
1263 20 9
1264 15 15
1265 17 2
1266 15 7
1267 2 1
1268 8 13
1269 9 19
1270 2 6
1271 19 9
1272 11 6
1273 12 4
1274 5 2
1275 13 9
1276 15 13
1277 1 14
1278 6 13
1279 17 5
1280 9 8
1281 15 13
1282 7 3
1283 6 15
1284 20 4
1285 8 1
1286 18 2
1287 11 9
1288 16 13
1289 1 15
1290 4 10
1291 18 13
1292 9 12
1293 19 10
1294 16 14
1295 11 14
1296 2 7
1297 7 13
1298 1 11
1299 14 14
1300 17 4
1301 19 12
1302 9 3
1303 11 7
1304 2 1
1305 3 16
1306 14 17
1307 10 20
1308 15 13
1309 20 5
1310 8 16
1311 9 7
1312 6 4
1313 18 3
1314 14 20
1315 11 19
1316 17 14
1317 11 10
1318 9 1
1319 9 18
1320 2 12
1321 12 18
1322 4 18
1323 11 16
1324 18 2
1325 16 14
1326 8 14
1327 11 5
1328 4 9
1329 1 1
1330 6 11
1331 2 12
1332 19 4
1333 13 11
1334 15 13
1335 9 7
1336 8 4
1337 3 14
1338 16 15
1339 5 14
1340 19 3
1341 16 6
1342 12 9
1343 5 5
1344 20 2
1345 18 17
1346 14 18
1347 12 18
1348 1 10
1349 8 17
1350 14 10
1351 3 8
1352 4 7
1353 20 9
1354 18 20
1355 4 1
1356 20 18
1357 20 9
1358 5 7
1359 18 10
1360 6 19
1361 5 3
1362 9 19
1363 3 12
1364 1 8
1365 8 9
1366 19 8
1367 18 8
1368 7 15
1369 3 5
1370 4 20
1371 1 13
1372 13 1
1373 3 7
1374 2 3
1375 6 1
1376 7 8
1377 9 13
1378 9 18
1379 5 2
1380 3 11
1381 12 5
1382 5 2
1383 2 14
1384 7 13
1385 2 4
1386 7 6
1387 13 18
1388 17 3
1389 14 19
1390 19 1
1391 4 9
1392 12 17
1393 8 19
1394 5 20
1395 18 20
1396 12 2
1397 18 6
1398 19 15
1399 10 5
1400 14 13
1401 13 7
1402 19 6
1403 4 6
1404 10 18
1405 20 14
1406 16 10
1407 5 17
1408 12 1
1409 10 8
1410 12 19
1411 4 6
1412 14 3
1413 4 1
1414 12 13
1415 4 8
1416 18 20
1417 6 9
1418 15 16
1419 12 12
1420 19 18
1421 5 4
1422 14 19
1423 4 9
1424 15 20
1425 18 4
1426 2 8
1427 7 8
1428 20 4
1429 3 10
1430 11 15
1431 16 18
1432 19 2
1433 13 10
1434 17 20
1435 13 17
1436 12 12
1437 2 15
1438 1 3
1439 15 20
1440 14 11
1441 8 18
1442 6 4
1443 3 4
1444 7 16
1445 18 20
1446 13 8
1447 11 3
1448 7 12
1449 17 15
1450 16 3
1451 2 11
1452 10 19
1453 19 20
1454 17 1
1455 13 20
1456 15 13
1457 14 6
1458 4 14
1459 14 14
1460 16 12
1461 20 7
1462 15 13
1463 17 1
1464 12 6
1465 14 3
1466 5 9
1467 20 1
1468 5 11
1469 18 8
1470 17 14
1471 11 12
1472 10 8
1473 14 13
1474 9 5
1475 18 4
1476 3 7
1477 14 19
1478 14 9
1479 8 17
1480 9 2
1481 7 20
1482 19 20
1483 6 18
1484 4 5
1485 19 9
1486 3 2
1487 19 11
1488 8 8
1489 4 11
1490 16 6
1491 3 20
1492 5 12
1493 13 4
1494 16 12
1495 4 1
1496 5 10
1497 9 7
1498 18 15
1499 5 3
1500 20 7
1501 5 17
1502 9 9
1503 10 7
1504 16 5
1505 13 4
1506 10 1
1507 18 5
1508 3 11
1509 5 17
1510 12 11
1511 12 10
1512 14 17
1513 16 9
1514 15 14
1515 12 7
1516 17 10
1517 8 3
1518 2 6
1519 13 6
1520 6 12
1521 12 11
1522 13 5
1523 5 10
1524 12 20
1525 3 2
1526 9 11
1527 1 17
1528 6 14
1529 19 10
1530 3 6
1531 7 12
1532 15 16
1533 6 18
1534 14 16
1535 2 12
1536 4 1
1537 9 4
1538 12 12
1539 4 6
1540 12 20
1541 14 15
1542 5 3
1543 12 15
1544 4 20
1545 12 18
1546 20 15
1547 7 7
1548 8 4
1549 6 1
1550 1 13
1551 5 15
1552 16 5
1553 1 5
1554 2 7
1555 2 3
1556 8 14
1557 13 20
1558 16 20
1559 13 20
1560 7 8
1561 2 2
1562 15 11
1563 14 8
1564 9 5
1565 2 20
1566 16 11
1567 3 11
1568 5 5
1569 5 12
1570 15 19
1571 15 15
1572 12 2
1573 12 1
1574 11 14
1575 11 3
1576 4 2
1577 15 19
1578 6 1
1579 19 2
1580 3 12
1581 19 2
1582 18 18
1583 15 17
1584 1 11
1585 8 9
1586 14 17
1587 9 16
1588 15 16
1589 5 7
1590 16 19
1591 20 15
1592 18 18
1593 2 15
1594 5 9
1595 5 1
1596 5 19
1597 1 19
1598 4 14
1599 16 2
1600 17 19
1601 11 5
1602 13 6
1603 18 13
1604 20 4
1605 3 18
1606 3 17
1607 3 5
1608 13 4
1609 5 10
1610 19 8
1611 11 16
1612 4 18
1613 8 14
1614 7 18
1615 2 3
1616 2 7
1617 3 13
1618 13 19
1619 3 10
1620 12 1
1621 6 14
1622 18 5
1623 11 5
1624 8 9
1625 16 16
1626 12 12
1627 5 3
1628 2 16
1629 7 13
1630 3 6
1631 8 20
1632 11 6
1633 15 16
1634 7 12
1635 9 15
1636 17 6
1637 12 18
1638 2 16
1639 4 7
1640 9 11
1641 16 14
1642 12 5
1643 4 14
1644 11 4
1645 17 11
1646 4 7
1647 12 2
1648 20 6
1649 2 11
1650 17 11
1651 1 14
1652 15 8
1653 9 14
1654 14 18
1655 17 6
1656 14 3
1657 15 2
1658 5 1
1659 5 5
1660 4 10
1661 8 4
1662 11 17
1663 9 6
1664 11 17
1665 18 5
1666 1 19
1667 2 4
1668 5 3
1669 4 15
1670 5 7
1671 2 17
1672 4 2
1673 12 7
1674 14 10
1675 4 20
1676 11 17
1677 3 11
1678 10 5
1679 1 8
1680 20 15
1681 2 7
1682 1 19
1683 9 9
1684 10 11
1685 1 1
1686 11 10
1687 15 6
1688 1 19
1689 9 5
1690 2 20
1691 15 2
1692 10 4
1693 18 2
1694 5 8
1695 14 12
1696 20 16
1697 3 4
1698 18 5
1699 19 16
1700 8 17
1701 18 11
1702 17 17
1703 8 7
1704 13 13
1705 19 19
1706 14 7
1707 5 12
1708 3 18
1709 17 19
1710 10 2
1711 3 17
1712 19 1
1713 8 16
1714 1 15
1715 9 18
1716 7 8
1717 4 8
1718 4 16
1719 10 6
1720 16 2
1721 9 10
1722 11 6
1723 3 1
1724 16 6
1725 8 1
1726 20 15
1727 2 19
1728 4 4
1729 9 16
1730 7 19
1731 9 2
1732 10 11
1733 7 18
1734 3 12
1735 5 13
1736 1 2
1737 15 19
1738 13 18
1739 12 10
1740 14 7
1741 8 4
1742 10 11
1743 8 9
1744 15 12
1745 12 8
1746 15 9
1747 20 20
1748 10 5
1749 1 9
1750 14 15
1751 12 18
1752 2 8
1753 20 7
1754 12 9
1755 14 8
1756 6 16
1757 16 19
1758 7 18
1759 2 3
1760 20 18
1761 4 2
1762 7 4
1763 6 16
1764 10 2
1765 14 14
1766 1 10
1767 20 8
1768 11 17
1769 9 8
1770 19 10
1771 14 5
1772 8 2
1773 5 19
1774 20 3
1775 20 12
1776 7 18
1777 11 2
1778 3 6
1779 14 6
1780 1 17
1781 1 5
1782 16 13
1783 1 11
1784 11 13
1785 3 5
1786 7 19
1787 16 16
1788 3 13
1789 4 10
1790 15 17
1791 3 1
1792 12 19
1793 9 7
1794 19 13
1795 15 7
1796 1 4
1797 15 2
1798 16 5
1799 4 2
1800 10 12
1801 11 1
1802 16 14
1803 10 5
1804 10 17
1805 2 7
1806 2 9
1807 16 3
1808 19 11
1809 3 2
1810 4 7
1811 10 5
1812 15 12
1813 11 8
1814 4 16
1815 14 2
1816 16 7
1817 12 8
1818 1 15
1819 9 18
1820 7 15
1821 14 11
1822 7 1
1823 20 18
1824 2 3
1825 12 6
1826 7 11
1827 17 20
1828 16 18
1829 13 3
1830 13 20
1831 13 7
1832 8 3
1833 19 8
1834 15 7
1835 19 2
1836 18 5
1837 14 12
1838 4 3
1839 6 2
1840 10 19
1841 19 8
1842 12 20
1843 5 14
1844 13 9
1845 6 14
1846 8 2
1847 18 8
1848 14 16
1849 17 20
1850 3 2
1851 6 12
1852 2 20
1853 2 10
1854 16 15
1855 13 5
1856 5 8
1857 12 16
1858 15 14
1859 7 9
1860 12 6
1861 2 20
1862 19 16
1863 17 4
1864 17 13
1865 10 20
1866 7 8
1867 5 20
1868 18 1
1869 9 19
1870 13 4
1871 1 12
1872 11 9
1873 20 19
1874 1 7
1875 15 2
1876 7 20
1877 1 19
1878 5 14
1879 1 20
1880 14 16
1881 13 16
1882 8 15
1883 5 17
1884 20 19
1885 20 6
1886 7 14
1887 11 10
1888 3 9
1889 9 14
1890 11 17
1891 9 2
1892 9 18
1893 15 8
1894 9 20
1895 16 11
1896 5 5
1897 15 1
1898 5 15
1899 7 11
1900 11 14
1901 8 6
1902 4 19
1903 18 7
1904 4 15
1905 7 7
1906 15 4
1907 14 8
1908 15 3
1909 4 19
1910 18 19
1911 6 1
1912 3 11
1913 6 7
1914 5 5
1915 3 20
1916 18 14
1917 5 9
1918 13 6
1919 13 7
1920 5 3
1921 12 8
1922 19 2
1923 3 1
1924 6 10
1925 19 12
1926 5 3
1927 8 3
1928 10 12
1929 16 8
1930 17 3
1931 14 16
1932 16 3
1933 15 2
1934 11 7
1935 18 8
1936 15 17
1937 3 15
1938 18 4
1939 9 15
1940 1 16
1941 19 12
1942 8 4
1943 7 12
1944 10 12
1945 10 1
1946 3 6
1947 10 18
1948 7 17
1949 12 12
1950 10 11
1951 14 19
1952 13 15
1953 14 20
1954 13 15
1955 7 17
1956 10 18
1957 4 18
1958 10 7
1959 8 9
1960 9 1
1961 4 5
1962 19 7
1963 14 9
1964 16 8
1965 6 20
1966 5 7
1967 5 20
1968 11 20
1969 17 3
1970 7 19
1971 5 14
1972 8 12
1973 7 17
1974 4 18
1975 5 13
1976 7 19
1977 8 18
1978 8 16
1979 14 19
1980 17 1
1981 20 10
1982 1 10
1983 7 7
1984 10 13
1985 14 20
1986 14 19
1987 4 19
1988 10 12
1989 19 6
1990 12 10
1991 19 19
1992 19 3
1993 11 20
1994 3 17
1995 15 16
1996 18 16
1997 20 1
1998 18 7
1999 17 16
2000 2 8
2001 16 13
2002 17 2
2003 18 18
2004 18 3
2005 5 11
2006 19 3
2007 14 11
2008 19 1
2009 5 2
2010 2 8
2011 13 2
2012 6 12
2013 10 16
2014 19 6
2015 3 20
2016 8 9
2017 16 14
2018 8 20
2019 20 17
2020 17 12
2021 5 19
2022 13 15
2023 1 17
2024 4 9
2025 20 12
2026 15 8
2027 18 17
2028 10 17
2029 13 2
2030 9 2
2031 10 4
2032 9 5
2033 18 20
2034 16 20
2035 16 14
2036 16 15
2037 9 20
2038 4 1
2039 19 3
2040 2 15
2041 14 15
2042 6 10
2043 15 14
2044 13 17
2045 3 2
2046 4 4
2047 19 18
2048 1 10
2049 3 8
2050 12 5
2051 17 12
2052 6 6
2053 7 17
2054 7 20
2055 6 2
2056 5 18
2057 10 7
2058 5 13
2059 14 14
2060 8 2
2061 19 3
2062 5 2
2063 9 10
2064 2 6
2065 17 16
2066 12 19
2067 13 18
2068 2 15
2069 15 8
2070 10 6
2071 19 10
2072 5 19
2073 15 8
2074 4 6
2075 11 16
2076 14 5
2077 1 19
2078 14 15
2079 3 2
2080 13 13
2081 5 13
2082 9 13
2083 6 8
2084 16 19
2085 15 18
2086 20 4
2087 5 12
2088 11 5
2089 9 4
2090 4 2
2091 10 17
2092 8 15
2093 11 18
2094 2 20
2095 17 10
2096 3 17
2097 5 11
2098 17 18
2099 10 14
2100 20 7
2101 20 10
2102 3 14
2103 15 11
2104 6 16
2105 3 4
2106 2 10
2107 14 14
2108 16 12
2109 3 19
2110 2 9
2111 4 11
2112 5 10
2113 2 19
2114 12 18
2115 17 16
2116 11 17
2117 16 1
2118 15 5
2119 1 19
2120 3 18
2121 3 14
2122 16 14
2123 2 3
2124 13 18
2125 20 12
2126 7 14
2127 14 15
2128 10 19
2129 16 16
2130 14 11
2131 15 9
2132 6 4
2133 2 5
2134 14 17
2135 4 2
2136 3 13
2137 2 16
2138 10 10
2139 20 13
2140 17 14
2141 10 10
2142 9 11
2143 12 16
2144 2 18
2145 19 1
2146 14 20
2147 20 16
2148 4 13
2149 17 14
2150 8 20
2151 4 19
2152 12 7
2153 3 1
2154 8 8
2155 14 16
2156 13 8
2157 3 4
2158 8 16
2159 2 9
2160 20 4
2161 14 12
2162 15 1
2163 18 7
2164 4 10
2165 10 14
2166 18 11
2167 5 1
2168 13 6
2169 2 15
2170 1 7
2171 1 4
2172 14 4
2173 10 13
2174 11 20
2175 19 8
2176 19 11
2177 18 17
2178 14 20
2179 19 1
2180 18 8
2181 15 16
2182 20 18
2183 16 9
2184 6 11
2185 9 7
2186 1 4
2187 2 17
2188 20 7
2189 8 17
2190 1 2
2191 3 8
2192 3 6
2193 12 16
2194 9 9
2195 20 12
2196 9 8
2197 14 2
2198 9 7
2199 18 10
2200 11 16
2201 11 16
2202 15 13
2203 10 19
2204 16 8
2205 7 7
2206 9 6
2207 11 5
2208 1 9
2209 12 1
2210 10 4
2211 15 4
2212 15 6
2213 15 8
2214 5 13
2215 1 18
2216 4 10
2217 13 18
2218 7 13
2219 6 7
2220 4 10
2221 18 2
2222 13 14
2223 20 12
2224 9 4
2225 17 19
2226 13 5
2227 19 17
2228 6 12
2229 15 19
2230 12 16
2231 17 2
2232 20 15
2233 15 9
2234 1 1
2235 11 10
2236 9 8
2237 14 20
2238 7 2
2239 13 12
2240 11 12
2241 17 7
2242 18 17
2243 1 15
2244 10 10
2245 2 3
2246 8 7
2247 15 12
2248 2 16
2249 6 13
2250 8 1
2251 18 2
2252 19 12
2253 20 13
2254 7 20
2255 4 3
2256 4 17
2257 11 12
2258 9 18
2259 1 15
2260 4 1
2261 17 20
2262 20 11
2263 1 17
2264 9 8
2265 3 6
2266 14 20
2267 7 5
2268 17 20
2269 9 9
2270 8 18
2271 4 12
2272 19 4
2273 7 19
2274 20 7
2275 2 8
2276 7 2
2277 3 19
2278 15 6
2279 2 2
2280 18 3
2281 17 8
2282 20 12
2283 15 11
2284 2 11
2285 17 18
2286 1 2
2287 8 5
2288 8 14
2289 17 20
2290 20 15
2291 20 1
2292 20 16
2293 16 19
2294 3 11
2295 12 8
2296 12 13
2297 9 4
2298 13 19
2299 17 20
2300 17 1
2301 4 13
2302 11 16
2303 12 20
2304 2 9
2305 19 7
2306 14 1
2307 8 1
2308 16 3
2309 8 18
2310 13 2
2311 14 17
2312 18 18
2313 5 6
2314 4 7
2315 19 10
2316 7 18
2317 16 4
2318 2 14
2319 4 12
2320 4 17
2321 7 6
2322 17 15
2323 4 17
2324 17 14
2325 6 8
2326 17 3
2327 11 20
2328 5 1
2329 16 13
2330 6 8
2331 16 14
2332 4 17
2333 7 9
2334 1 13
2335 20 10
2336 10 15
2337 15 4
2338 6 4
2339 6 5
2340 9 1
2341 8 4
2342 16 4
2343 6 6
2344 4 17
2345 8 6
2346 19 5
2347 13 19
2348 5 2
2349 2 16
2350 9 17
2351 12 11
2352 9 14
2353 1 6
2354 18 10
2355 10 14
2356 16 18
2357 8 18
2358 12 12
2359 15 12
2360 18 10
2361 20 4
2362 10 16
2363 19 12
2364 20 19
2365 10 8
2366 11 2
2367 18 10
2368 11 18
2369 3 8
2370 10 2
2371 10 3
2372 4 13
2373 9 8
2374 5 20
2375 12 10
2376 19 16
2377 7 11
2378 5 9
2379 4 15
2380 20 12
2381 7 1
2382 19 17
2383 12 18
2384 15 6
2385 3 7
2386 1 13
2387 9 19
2388 9 18
2389 6 13
2390 5 6
2391 16 9
2392 5 2
2393 11 5
2394 10 13
2395 13 9
2396 12 9
2397 18 15
2398 9 11
2399 2 14
2400 2 8
2401 4 12
2402 2 8
2403 11 12
2404 3 2
2405 10 14
2406 12 15
2407 18 20
2408 9 20
2409 3 13
2410 20 14
2411 10 16
2412 2 15
2413 5 17
2414 5 10
2415 15 11
2416 18 3
2417 13 2
2418 12 7
2419 17 1
2420 2 14
2421 4 15
2422 9 1
2423 16 5
2424 8 15
2425 8 7
2426 7 13
2427 2 8
2428 19 12
2429 6 2
2430 5 20
2431 8 7
2432 12 1
2433 5 14
2434 7 5
2435 2 20
2436 17 12
2437 15 20
2438 8 20
2439 19 1
2440 17 11
2441 15 11
2442 7 9
2443 7 4
2444 9 20
2445 17 2
2446 2 19
2447 13 15
2448 18 12
2449 13 3
2450 19 18
2451 16 6
2452 8 16
2453 3 19
2454 6 11
2455 8 16
2456 12 17
2457 3 10
2458 4 11
2459 19 9
2460 3 3
2461 15 14
2462 12 14
2463 12 1
2464 2 1
2465 17 10
2466 1 6
2467 12 17
2468 1 1
2469 10 11
2470 5 14
2471 19 19
2472 9 13
2473 2 6
2474 7 8
2475 8 9
2476 19 18
2477 12 9
2478 16 10
2479 16 11
2480 5 14
2481 6 10
2482 18 11
2483 2 15
2484 1 2
2485 20 8
2486 11 14
2487 7 13
2488 3 6
2489 5 13
2490 10 9
2491 12 6
2492 6 20
2493 13 14
2494 1 8
2495 17 10
2496 4 7
2497 2 19
2498 13 17
2499 7 4
2500 19 9
2501 13 12
2502 2 2
2503 6 15
2504 3 3
2505 4 10
2506 15 9
2507 13 7
2508 10 19
2509 16 13
2510 6 17
2511 4 12
2512 3 6
2513 15 7
2514 4 7
2515 7 2
2516 7 9
2517 19 5
2518 6 9
2519 7 17
2520 6 16
2521 15 9
2522 1 2
2523 17 8
2524 1 3
2525 3 1
2526 9 8
2527 17 1
2528 4 18
2529 1 3
2530 1 17
2531 2 14
2532 1 12
2533 11 16
2534 17 11
2535 19 4
2536 20 18
2537 4 16
2538 2 14
2539 13 12
2540 6 1
2541 19 5
2542 13 20
2543 7 11
2544 16 3
2545 2 9
2546 16 20
2547 2 1
2548 7 13
2549 20 13
2550 9 3
2551 15 18
2552 14 17
2553 4 10
2554 8 16
2555 8 3
2556 18 4
2557 9 9
2558 19 18
2559 1 16
2560 4 4
2561 3 8
2562 7 11
2563 12 2
2564 2 14
2565 18 3
2566 19 10
2567 13 8
2568 18 11
2569 8 11
2570 6 11
2571 18 6
2572 12 20
2573 3 11
2574 14 7
2575 7 5
2576 15 17
2577 12 19
2578 9 18
2579 15 2
2580 6 11
2581 8 19
2582 19 15
2583 13 20
2584 17 10
2585 10 2
2586 5 12
2587 6 18
2588 6 5
2589 16 6
2590 18 17
2591 19 11
2592 11 11
2593 11 15
2594 17 6
2595 5 12
2596 15 13
2597 5 18
2598 5 8
2599 4 4
2600 12 18
2601 16 7
2602 9 15
2603 18 9
2604 18 18
2605 1 15
2606 8 3
2607 18 6
2608 8 12
2609 6 7
2610 1 20
2611 3 10
2612 5 14
2613 9 7
2614 14 8
2615 12 18
2616 8 6
2617 11 11
2618 7 4
2619 14 16
2620 12 4
2621 19 4
2622 13 16
2623 5 8
2624 15 6
2625 6 19
2626 8 16
2627 7 11
2628 18 11
2629 6 11
2630 7 2
2631 5 7
2632 12 19
2633 7 7
2634 6 6
2635 15 12
2636 2 7
2637 17 4
2638 11 14
2639 12 17
2640 2 17
2641 20 9
2642 18 10
2643 13 2
2644 1 10
2645 1 7
2646 1 2
2647 16 19
2648 6 16
2649 19 19
2650 9 20
2651 8 20
2652 1 10
2653 3 13
2654 7 13
2655 4 12
2656 20 17
2657 14 18
2658 6 14
2659 1 14
2660 4 2
2661 20 11
2662 12 2
2663 8 4
2664 12 3
2665 8 7
2666 9 1
2667 10 12
2668 19 18
2669 6 4
2670 14 10
2671 2 14
2672 12 13
2673 12 10
2674 6 14
2675 19 16
2676 4 2
2677 13 6
2678 5 19
2679 20 13
2680 20 4
2681 1 16
2682 15 4
2683 19 7
2684 11 13
2685 10 4
2686 8 1
2687 17 10
2688 20 7
2689 9 13
2690 20 4
2691 3 14
2692 4 11
2693 11 7
2694 1 19
2695 17 4
2696 18 14
2697 15 7
2698 12 2
2699 11 16
2700 19 1
2701 14 2
2702 12 13
2703 17 2
2704 16 2
2705 8 8
2706 1 10
2707 7 7
2708 7 11
2709 13 1
2710 8 11
2711 1 20
2712 13 9
2713 14 16
2714 12 5
2715 2 1
2716 12 3
2717 3 20
2718 8 13
2719 2 8
2720 12 15
2721 8 10
2722 16 10
2723 10 20
2724 17 5
2725 11 16
2726 3 7
2727 19 9
2728 4 10
2729 20 15
2730 9 6
2731 8 19
2732 10 19
2733 5 16
2734 3 9
2735 17 6
2736 18 6
2737 14 4
2738 18 2
2739 17 9
2740 1 4
2741 16 1
2742 17 12
2743 13 11
2744 1 11
2745 19 2
2746 16 2
2747 20 6
2748 20 20
2749 20 1
2750 19 8
2751 20 16
2752 17 5
2753 2 12
2754 16 3
2755 5 17
2756 5 5
2757 1 3
2758 2 12
2759 14 8
2760 16 19
2761 16 11
2762 5 9
2763 1 19
2764 4 8
2765 5 7
2766 18 5
2767 6 14
2768 18 2
2769 8 19
2770 9 11
2771 20 8
2772 13 17
2773 9 14
2774 1 19
2775 2 4
2776 10 15
2777 19 12
2778 12 10
2779 10 14
2780 8 6
2781 7 8
2782 16 1
2783 8 18
2784 8 18
2785 15 12
2786 13 6
2787 4 2
2788 4 13
2789 17 7
2790 1 12
2791 18 14
2792 8 7
2793 14 13
2794 11 8
2795 7 20
2796 6 15
2797 15 6
2798 2 11
2799 17 16
2800 15 4
2801 18 11
2802 8 5
2803 6 6
2804 9 5
2805 14 12
2806 15 11
2807 18 15
2808 6 19
2809 9 14
2810 4 8
2811 8 3
2812 20 2
2813 11 5
2814 15 13
2815 8 4
2816 14 9
2817 17 10
2818 19 6
2819 5 12
2820 7 10
2821 9 6
2822 6 16
2823 19 2
2824 10 12
2825 9 9
2826 13 14
2827 13 19
2828 11 14
2829 4 18
2830 16 4
2831 4 5
2832 1 14
2833 7 17
2834 1 3
2835 10 15
2836 12 10
2837 8 8
2838 11 7
2839 14 16
2840 19 14
2841 18 2
2842 11 19
2843 14 20
2844 11 14
2845 19 19
2846 17 14
2847 19 19
2848 8 12
2849 11 10
2850 9 4
2851 19 2
2852 17 10
2853 10 20
2854 18 17
2855 10 11
2856 6 10
2857 16 17
2858 16 19
2859 4 9
2860 18 8
2861 20 16
2862 8 12
2863 9 16
2864 15 17
2865 8 16
2866 8 9
2867 16 11
2868 16 19
2869 14 10
2870 2 6
2871 14 7
2872 20 19
2873 11 17
2874 5 3
2875 17 20
2876 16 17
2877 15 20
2878 5 18
2879 11 11
2880 13 16
2881 7 2
2882 13 20
2883 8 10
2884 14 9
2885 12 9
2886 4 17
2887 14 19
2888 13 6
2889 1 10
2890 14 8
2891 7 5
2892 12 3
2893 17 20
2894 18 20
2895 6 4
2896 20 8
2897 13 2
2898 16 11
2899 1 19
2900 19 5
2901 14 14
2902 18 3
2903 6 4
2904 19 17
2905 19 4
2906 19 8
2907 1 15
2908 8 1
2909 6 10
2910 18 1
2911 20 14
2912 15 18
2913 8 3
2914 13 20
2915 8 13
2916 12 17
2917 5 10
2918 5 10
2919 12 9
2920 8 8
2921 9 17
2922 20 2
2923 19 19
2924 19 6
2925 11 11
2926 6 14
2927 12 6
2928 7 13
2929 14 3
2930 12 13
2931 19 18
2932 15 19
2933 19 20
2934 5 14
2935 8 8
2936 2 7
2937 1 10
2938 1 20
2939 18 13
2940 9 13
2941 14 3
2942 7 10
2943 18 18
2944 17 5
2945 17 7
2946 13 6
2947 3 3
2948 10 9
2949 20 14
2950 4 14
2951 4 3
2952 20 13
2953 5 10
2954 5 15
2955 17 16
2956 3 5
2957 12 14
2958 2 2
2959 5 7
2960 10 13
2961 7 6
2962 6 3
2963 1 1
2964 4 16
2965 9 13
2966 8 9
2967 8 10
2968 12 11
2969 8 12
2970 5 1
2971 13 4
2972 10 8
2973 4 3
2974 13 16
2975 3 6
2976 14 16
2977 3 5
2978 13 4
2979 13 15
2980 19 5
2981 20 5
2982 11 10
2983 15 4
2984 3 6
2985 8 4
2986 4 9
2987 16 9
2988 8 18
2989 5 20
2990 13 1
2991 14 18
2992 10 6
2993 8 3
2994 2 3
2995 17 17
2996 8 9
2997 11 3
2998 17 2
2999 11 8
3000 16 19